6440
51208
177
11170
199675
9173
53405
10216
2819
125
8547
338328
11095
55273
2277
7134
653509
9254
11185
157310
207107
5225
64399
729238
7123
361
1440
7148
1580
56241
6943
79674
79625
6441
55282
2354
1674
8685
9476
6332
389376
2920
164312
10568
4969
21
3043
10351
146556
120892
10395
1910
8630
3040
64116
4036
5923
9457
1755
2348
221395
27289
114905
722
8013
9413
283383
730005
4881
100820829
151126
4023
4360
6439
730
7010
84913
10894
5166
4499
219790
2266
55118
1285
57716
8639
256691
91851
131873
4973
2273
126393
2
8991
400550
51751
126669
4239
2532
1556
64321
7356
51705
80274
55289
1901
338557
8516
6236
54674
147372
3899
54538
2358
5284
5239
1117
761
3777
27151
256949
64651
115019
5787
3170
1003
55885
28984
6442
79689
25890
2203
92304
79825
8839
387763
33
9068
10268
126668
153
8854
10326
6505
10753
2330
6586
166929
6098
8436
