2052
84059
27151
56111
85349
1131
255738
30811
2662
33
8641
5004
147111
9687
57494
79674
192134
6439
84467
2334
55118
5593
8399
646324
654
23221
9413
247
53405
56920
5522
64399
55282
364
112267859
80274
1441
5923
642938
25789
344887
105371414
5319
440503
146556
2277
4128
90527
4023
23657
79190
8547
10579
147166
114780
5317
84913
2257
399668
64344
1755
162515
3698
255189
6542
153
1580
2890
57834
9066
563
23704
344148
153579
53905
10891
338328
9856
50617
2823
8912
57864
146429
2194
26047
7345
51557
56853
1066
152831
1556
250
29948
109729127
873
219790
2027
27159
3777
157310
9254
26256
4953
1244
400550
6258
346007
155006
7433
645027
55273
29842
79092
10232
57716
27255
442117
200010
5063
218
22999
440119
345275
151473
105375355
525
6440
2266
3034
177
64067
145837
11211
5596
11197
762
374569
9244
2267
1646
1645
5225
2243
1373
