50506
2568
260436
570
10563
5104
3868
1469
1087
10164
4312
3960
124220
8115
1380
768
10537
2208
144347
100533183
147920
3512
8091
29802
7060
140686
6947
608
387882
974
962
27299
26279
3627
3294
4057
4321
13
9447
6690
84824
7103
112609
973
57823
56670
81793
6363
134285
5079
6689
3171
51316
147699
5121
6999
51237
4316
54825
3957
6285
2326
441168
84419
26499
8842
270
1308
6372
79782
164781
388512
6373
79983
2123
969
27240
51050
54866
1269
5368
4069
3174
9245
25758
105371267
2205
27065
8608
7130
150365
8530
5996
909
57482
3552
27334
1513
