644186
151354
494143
5268
57126
55190
3547
101927765
100289092
89958
100506305
65266
6474
157570
5818
124872
220382
55124
83959
92211
2539
2047
55065
23650
1825
126868
10468
332
101927189
154091
9856
92815
65268
101805492
3853
126433
6549
105372840
1978
387103
794
1143
1417
100507533
11247
245
1141
5055
2709
6280
113828
1780
64093
8318
440
55287
6550
83540
5217
3008
5544
201651
8351
404550
5226
348487
9899
144568
5083
647946
622
55061
3012
81786
57526
2569
5443
26033
2564
256764
255928
116832
5522
3852
655
2792
5013
130576
2161
642587
440584
8544
105375430
5349
8355
9718
85416
84733
55117
154664
55872
100130691
7546
90187
3209
1066
6279
1159
10736
100132215
10017
43847
9982
57110
22977
239
55806
5275
873
8626
159371
374897
83729
284930
4897
8345
115749
2257
84518
1830
7164
121551
388581
200958
548596
101928978
8784
90113
57348
204219
3963
653499
56666
10874
4199
54714
1258
256227
401312
90293
