1825
284992
5214
57214
3625
27087
55057
53833
79935
8836
55010
1001
57405
222663
79682
5888
220134
9493
3918
3751
2984
9088
282973
8115
54997
9700
1311
6241
57549
56128
983
54478
29089
6804
30001
338707
89958
6785
4488
2256
6790
4440
29923
64105
26154
54821
113130
8318
401014
25797
9156
55388
55165
54830
55143
151648
8608
126
9928
145741
890
91614
978
83461
4998
183
144455
9143
84842
64151
2201
5365
6356
203447
100130705
990
5366
10563
11339
5083
699
27111
4703
9837
7033
23397
10403
8038
5347
9133
284403
1308
2906
339983
5803
645121
3595
2861
79152
400823
26499
4907
7272
90019
7058
79783
6662
6447
10900
150468
6474
2305
9212
256714
22801
79000
440119
5099
57167
22977
891
24137
3161
725
3171
9319
51050
146909
55076
6535
6334
5307
10110
55872
954
4085
29968
387882
3198
8693
10874
10721
134285
23213
5570
57156
222962
388610
166348
4321
