762
177
5225
6440
11197
2823
2890
8547
400550
219790
2277
105375355
27063
338328
2167
153579
2662
55282
7123
11170
57864
57716
3040
55273
23237
344148
345275
200010
1755
653509
5923
53905
1910
80274
11185
3777
199675
53405
1580
729238
157310
6943
948
56920
5005
7433
33
11095
64399
100820829
27074
83888
29091
255189
7134
153
8436
54674
857
3043
59350
8685
6441
7010
3899
7704
125
102724488
27255
54538
100507632
3053
131873
79442
4023
152831
90527
361
6563
2819
100129540
64168
285313
221687
338596
10268
120892
4248
6886
116835
10894
79825
5319
55679
6751
256949
6258
79674
140706
84465
21
10316
340419
2273
1776
245972
51705
63876
1003
10351
285025
7122
2294
9254
9365
51751
22899
88
83878
6330
80704
10266
122402
57556
1066
9687
27159
1036
55118
554
6586
4091
730005
115572
1674
83849
4881
207107
84879
120114
146556
9413
94
9457
10326
6323
445347
646324
2013
3762
