2243
11211
1244
2267
51297
9244
2257
642938
171177
440119
5522
84951
57494
100131726
1294
2069
79092
51087
375616
401024
1373
2786
84985
5139
100130705
94025
2731
100287482
1591
1951
23057
23657
3081
8140
10752
9856
1015
114780
3872
6913
84189
2266
7975
4440
8000
7138
53820
54825
56667
345643
54443
2196
6695
5321
2861
282973
55247
1690
2906
221914
284992
146909
2305
347733
57156
57475
27076
400986
64093
26047
57464
1846
79935
10721
57476
9427
2984
6710
284403
4886
55057
3976
9633
133396
399473
4584
9928
340267
84915
8438
5083
50649
6334
