88
3762
9068
78986
6285
84701
51554
6505
1359
3741
57576
284
161198
497189
8825
132203
54360
6751
91937
400709
730112
9075
26279
79927
11326
126393
84688
94
7704
79825
255189
158376
10261
395
9079
4239
7049
339145
157310
51311
81501
9934
285016
135656
207107
10326
80760
114132
10462
5121
3294
221303
25890
910
200010
60495
341
221687
91851
911
2675
8685
27306
3777
256435
84830
105371267
1380
358
256949
58511
4360
55679
124220
51365
8676
974
140706
5648
28984
338557
54538
89822
8115
729
7122
760
7940
2294
5730
2123
6330
445347
6358
6886
2852
3957
120892
23127
6441
6403
1580
4248
22915
100505495
1674
144809
64407
443
83849
64399
146722
57716
10266
857
3552
608
100129540
6586
50487
10316
285313
9365
64805
5199
6003
55273
2219
84465
3899
9033
33
256691
64321
56920
84658
723809
80704
51751
53905
730
53405
6363
1901
3053
122402
2208
58529
3512
79054
