150372
92241
945
10893
27181
113220
4256
256236
79626
914
3603
9060
2681
4068
53346
29909
79168
255480
152273
3587
53829
7048
27036
9956
3101
5549
653
7122
23460
10870
134
4063
1675
7099
2674
23705
100049587
415
29992
219972
80243
79838
1843
128434
80303
255809
915
29851
54440
6688
597
718
55332
7805
51393
3662
1380
100505495
10663
23743
1230
26051
2207
719
3116
9834
5745
1805
7450
83416
127733
10261
3777
951
89765
389136
2252
221303
9936
6362
54716
2857
3702
6614
56253
10673
8671
50852
84870
1089
653567
116328
3003
1794
3903
22998
4773
115019
27145
963
9630
8854
115727
5350
9122
79825
4616
8530
1545
91319
9934
23221
161198
2350
4837
1441
11067
114548
10875
9770
366
643733
6504
153579
2215
1438
114836
117289
225
54491
25802
714
1378
3683
151306
64092
388813
9452
153
100233209
128611
3290
11248
6503
58484
5172
5732
84106
5294
57705
